  0   0 128 128 128 164 164 164 164 164 128 128 128   0   0
  0 255 255 255   0   0 255 255 255 255 255 255 255 255   0
128 255 255   0 255 255   0 255 255 255  16 255  16 255 128
128 255   0 255 255 255 255   0 255 255 255  16 255 255 128
164 255   0 255 255 255 255   0 255 255  16 255  16 255 164
164 255 255   0 255 255   0 255 255 244 255 255 244 255 164
128 255 255 255   0   0 255 255 255 255 244 244 255 255 128
128 255 144 255 255 255 255 144 255 255 244 244 255 255 128
  0 255 255 255 255 255 255 255 255 244 255 255 244 255   0
  0   0 128 128 128 164 164 164 164 164 128 128 128   0   0

 63 191  73 209 209 191 159
191 127 255 127 255 135 195
209 127 255 127 252 195 192
191 227 127 227 255 244 255
 63 191 200 209 206 191 156

  0   0 128 128 164 164 128 128   0   0
  0 255 255 255 255 255 255 255 255   0
128 255 144 255 255   0   0 255 255 128
128 255 255 255   0 255 255   0 255 128
128 255 255   0 255 255 255 255   0 128
164 255 255   0 255 255 255 255   0 164
164 255 255 255   0 255 255   0 255 164
164 255 144 255 255   0   0 255 255 164
164 255 255 255 255 255 255 255 255 164
164 244 255 255 244 255 255 255 255 164
128 255 244 244 255  16 255  16 255 128
128 255 244 244 255 255  16 255 255 128
128 244 255 255 244  16 255  16 255 128
  0 255 255 255 255 255 255 255 255   0
  0   0 128 128 164 164 128 128   0   0